Program: 
Design Date:
Test Date:

Total Tests: 
Tests Passed:
Tests Failed:

Note: C = Celsius

Please fill in the ? with your own calculations/predictions

TEST RESULTS:
ID: Category:           Test Data:                 Actual Result:              Pass(P)/Fail(F)
1   Valid               

    1, 1
                                                Result:
                                                0	0	0	0	
                                                0	0	0	0	
                                                0	0	0	0	
                                                0	0	0	0	

    1, 2
                                                Result:
                                                0	30	30	0	
                                                0	30	30	0	
                                                0	30	30	0	
                                                0	30	30	0	

    2, 1
                                                Result:
                                                -7	-11	2	4	
                                                10	17	9	-3	
                                                4	5	-1	-7	
                                                -7	-6	1	2	

    2, 2
                                                Result:
                                                -5	-4	0	8	
                                                -10	-2	2	3	
                                                0	-2	-4	-7	
                                                -3	-2	-3	-16	

    3, 1
                                                Result:
                                                -7	-11	2	4	
                                                10	17	9	-3	
                                                7	11	-2	-4	
                                                -3	-4	2	0	
                                                -7	-11	2	4	
                                                -4	-5	1	7	
                                                0	0	0	0	
                                                0	0	0	0	
                                                0	0	0	0	
                                                0	3	-2	-5	

    3, 2
                                                Result:
                                                -5	-4	0	8	
                                                -10	-2	2	3	
                                                -1	0	-9	-7	
                                                2	-6	-11	-11	
                                                5	-4	-6	-2	
                                                3	0	1	2	
                                                0	6	3	6	
                                                0	6	3	6	
                                                0	6	3	6	
                                                -3	6	4	-3	

    4, 1
                                                Result:
                                                -7	-11	2	4	8	3	3	
                                                10	17	9	-3	-18	-21	-21	
                                                7	11	-2	-4	-8	-3	-3	
                                                -3	-4	2	0	5	0	0	

    4, 2
                                                Result:
                                                -5	-4	0	8	3	0	0	
                                                -10	-2	2	3	-1	0	0	
                                                -1	0	-9	-7	0	0	0	
                                                2	-6	-11	-11	-4	0	0	

    0                                           
                                                Result:
 ____________________________________________________________________________________________________________________________
2   Edge Case           
____________________________________________________________________________________________________________________________
3   invalid           
    (incorrect data)   
____________________________________________________________________________________________________________________________

                                               Goodbye
